9.503906250000000000e+00
9.507812500000000000e+00
9.511718750000000000e+00
9.515625000000000000e+00
9.519531250000000000e+00
9.523437500000000000e+00
9.527343750000000000e+00
9.531250000000000000e+00
9.535156250000000000e+00
9.539062500000000000e+00
9.542968750000000000e+00
9.546875000000000000e+00
9.550781250000000000e+00
9.554687500000000000e+00
9.558593750000000000e+00
9.562500000000000000e+00
9.566406250000000000e+00
9.570312500000000000e+00
9.574218750000000000e+00
9.578125000000000000e+00
9.582031250000000000e+00
9.585937500000000000e+00
9.589843750000000000e+00
9.593750000000000000e+00
9.597656250000000000e+00
9.601562500000000000e+00
9.605468750000000000e+00
9.609375000000000000e+00
9.613281250000000000e+00
9.617187500000000000e+00
9.621093750000000000e+00
9.625000000000000000e+00
9.628906250000000000e+00
9.632812500000000000e+00
9.636718750000000000e+00
9.640625000000000000e+00
9.644531250000000000e+00
9.648437500000000000e+00
9.652343750000000000e+00
9.656250000000000000e+00
9.660156250000000000e+00
9.664062500000000000e+00
9.667968750000000000e+00
9.671875000000000000e+00
9.675781250000000000e+00
9.679687500000000000e+00
9.683593750000000000e+00
9.687500000000000000e+00
9.691406250000000000e+00
9.695312500000000000e+00
9.699218750000000000e+00
9.703125000000000000e+00
9.707031250000000000e+00
9.710937500000000000e+00
9.714843750000000000e+00
9.718750000000000000e+00
9.722656250000000000e+00
9.726562500000000000e+00
9.730468750000000000e+00
9.734375000000000000e+00
9.738281250000000000e+00
9.742187500000000000e+00
9.746093750000000000e+00
9.750000000000000000e+00
9.753906250000000000e+00
9.757812500000000000e+00
9.761718750000000000e+00
9.765625000000000000e+00
9.769531250000000000e+00
9.773437500000000000e+00
9.777343750000000000e+00
9.781250000000000000e+00
9.785156250000000000e+00
9.789062500000000000e+00
9.792968750000000000e+00
9.796875000000000000e+00
9.800781250000000000e+00
9.804687500000000000e+00
9.808593750000000000e+00
9.812500000000000000e+00
9.816406250000000000e+00
9.820312500000000000e+00
9.824218750000000000e+00
9.828125000000000000e+00
9.832031250000000000e+00
9.835937500000000000e+00
9.839843750000000000e+00
9.843750000000000000e+00
9.847656250000000000e+00
9.851562500000000000e+00
9.855468750000000000e+00
9.859375000000000000e+00
9.863281250000000000e+00
9.867187500000000000e+00
9.871093750000000000e+00
9.875000000000000000e+00
9.878906250000000000e+00
9.882812500000000000e+00
9.886718750000000000e+00
9.890625000000000000e+00
9.894531250000000000e+00
9.898437500000000000e+00
9.902343750000000000e+00
9.906250000000000000e+00
9.910156250000000000e+00
9.914062500000000000e+00
9.917968750000000000e+00
9.921875000000000000e+00
9.925781250000000000e+00
9.929687500000000000e+00
9.933593750000000000e+00
9.937500000000000000e+00
9.941406250000000000e+00
9.945312500000000000e+00
9.949218750000000000e+00
9.953125000000000000e+00
9.957031250000000000e+00
9.960937500000000000e+00
9.964843750000000000e+00
9.968750000000000000e+00
9.972656250000000000e+00
9.976562500000000000e+00
9.980468750000000000e+00
9.984375000000000000e+00
9.988281250000000000e+00
9.992187500000000000e+00
9.996093750000000000e+00
1.000000000000000000e+01
1.000390625000000000e+01
1.000781250000000000e+01
1.001171875000000000e+01
1.001562500000000000e+01
1.001953125000000000e+01
1.002343750000000000e+01
1.002734375000000000e+01
1.003125000000000000e+01
1.003515625000000000e+01
1.003906250000000000e+01
1.004296875000000000e+01
1.004687500000000000e+01
1.005078125000000000e+01
1.005468750000000000e+01
1.005859375000000000e+01
1.006250000000000000e+01
1.006640625000000000e+01
1.007031250000000000e+01
1.007421875000000000e+01
1.007812500000000000e+01
1.008203125000000000e+01
1.008593750000000000e+01
1.008984375000000000e+01
1.009375000000000000e+01
1.009765625000000000e+01
1.010156250000000000e+01
1.010546875000000000e+01
1.010937500000000000e+01
1.011328125000000000e+01
1.011718750000000000e+01
1.012109375000000000e+01
1.012500000000000000e+01
1.012890625000000000e+01
1.013281250000000000e+01
1.013671875000000000e+01
1.014062500000000000e+01
1.014453125000000000e+01
1.014843750000000000e+01
1.015234375000000000e+01
1.015625000000000000e+01
1.016015625000000000e+01
1.016406250000000000e+01
1.016796875000000000e+01
1.017187500000000000e+01
1.017578125000000000e+01
1.017968750000000000e+01
1.018359375000000000e+01
1.018750000000000000e+01
1.019140625000000000e+01
1.019531250000000000e+01
1.019921875000000000e+01
1.020312500000000000e+01
1.020703125000000000e+01
1.021093750000000000e+01
1.021484375000000000e+01
1.021875000000000000e+01
1.022265625000000000e+01
1.022656250000000000e+01
1.023046875000000000e+01
1.023437500000000000e+01
1.023828125000000000e+01
1.024218750000000000e+01
1.024609375000000000e+01
1.025000000000000000e+01
1.025390625000000000e+01
1.025781250000000000e+01
1.026171875000000000e+01
1.026562500000000000e+01
1.026953125000000000e+01
1.027343750000000000e+01
1.027734375000000000e+01
1.028125000000000000e+01
1.028515625000000000e+01
1.028906250000000000e+01
1.029296875000000000e+01
1.029687500000000000e+01
1.030078125000000000e+01
1.030468750000000000e+01
1.030859375000000000e+01
1.031250000000000000e+01
1.031640625000000000e+01
1.032031250000000000e+01
1.032421875000000000e+01
1.032812500000000000e+01
1.033203125000000000e+01
1.033593750000000000e+01
1.033984375000000000e+01
1.034375000000000000e+01
1.034765625000000000e+01
1.035156250000000000e+01
1.035546875000000000e+01
1.035937500000000000e+01
1.036328125000000000e+01
1.036718750000000000e+01
1.037109375000000000e+01
1.037500000000000000e+01
1.037890625000000000e+01
1.038281250000000000e+01
1.038671875000000000e+01
1.039062500000000000e+01
1.039453125000000000e+01
1.039843750000000000e+01
1.040234375000000000e+01
1.040625000000000000e+01
1.041015625000000000e+01
1.041406250000000000e+01
1.041796875000000000e+01
1.042187500000000000e+01
1.042578125000000000e+01
1.042968750000000000e+01
1.043359375000000000e+01
1.043750000000000000e+01
1.044140625000000000e+01
1.044531250000000000e+01
1.044921875000000000e+01
1.045312500000000000e+01
1.045703125000000000e+01
1.046093750000000000e+01
1.046484375000000000e+01
1.046875000000000000e+01
1.047265625000000000e+01
1.047656250000000000e+01
1.048046875000000000e+01
1.048437500000000000e+01
1.048828125000000000e+01
1.049218750000000000e+01
1.049609375000000000e+01
1.050000000000000000e+01
