1.600000000000000000e+01
3.200000000000000000e+01
4.800000000000000000e+01
6.400000000000000000e+01
8.000000000000000000e+01
9.600000000000000000e+01
1.120000000000000000e+02
1.280000000000000000e+02
1.440000000000000000e+02
1.600000000000000000e+02
1.760000000000000000e+02
1.920000000000000000e+02
2.080000000000000000e+02
2.240000000000000000e+02
2.400000000000000000e+02
2.560000000000000000e+02
2.720000000000000000e+02
2.880000000000000000e+02
3.040000000000000000e+02
3.200000000000000000e+02
3.360000000000000000e+02
3.520000000000000000e+02
3.680000000000000000e+02
3.840000000000000000e+02
4.000000000000000000e+02
4.160000000000000000e+02
4.320000000000000000e+02
4.480000000000000000e+02
4.640000000000000000e+02
4.800000000000000000e+02
4.960000000000000000e+02
